[gd_scene load_steps=11 format=3 uid="uid://w30r1j3w8yjv"]

[ext_resource type="Script" path="res://game.gd" id="1_h3r1s"]
[ext_resource type="PackedScene" uid="uid://bwn04crc8k7jb" path="res://scenes/character_controller.tscn" id="2_ir2qa"]
[ext_resource type="AudioStream" uid="uid://cbt5x7rbpibfi" path="res://Sounds/Atmos/2.mp3" id="5_vrgsg"]
[ext_resource type="PackedScene" uid="uid://chkctopwet48o" path="res://scenes/base/base.blend" id="6_152e8"]
[ext_resource type="PackedScene" uid="uid://dnd6js1ye6vwx" path="res://world_environment.tscn" id="9_1qptw"]
[ext_resource type="Script" path="res://cookie.gd" id="11_km61u"]
[ext_resource type="PackedScene" uid="uid://dj8e6dnvkrjof" path="res://Items/cookie.blend" id="12_uj4jv"]

[sub_resource type="SphereShape3D" id="SphereShape3D_7knqw"]

[sub_resource type="Animation" id="Animation_l5fi7"]
resource_name = "Rotate"
length = 4.0
loop_mode = 1
tracks/0/type = "value"
tracks/0/imported = false
tracks/0/enabled = true
tracks/0/path = NodePath(".:rotation")
tracks/0/interp = 1
tracks/0/loop_wrap = true
tracks/0/keys = {
"times": PackedFloat32Array(0, 4),
"transitions": PackedFloat32Array(1, 1),
"update": 0,
"values": [Vector3(0, 0, 0), Vector3(3.48787e-16, 6.28319, 3.48787e-16)]
}

[sub_resource type="AnimationLibrary" id="AnimationLibrary_60d2n"]
_data = {
"Rotate": SubResource("Animation_l5fi7")
}

[node name="Game" type="Node3D"]
transform = Transform3D(1, 0, 0, 0, 1, 0, 0, 0, 1, 2.08165e-12, 2.08165e-12, 2.08165e-12)
script = ExtResource("1_h3r1s")

[node name="CharacterController" parent="." instance=ExtResource("2_ir2qa")]
transform = Transform3D(-0.0578254, -3.28035e-16, -0.998327, 3.48787e-16, 1, -3.48787e-16, 0.998327, -3.68372e-16, -0.0578254, 2.08165e-12, 1.69128, 1.31157)

[node name="AudioStreamPlayer" type="AudioStreamPlayer" parent="."]
stream = ExtResource("5_vrgsg")
autoplay = true

[node name="Node3D" type="Node3D" parent="."]
visible = false

[node name="Cookie" type="Node3D" parent="Node3D"]
unique_name_in_owner = true
transform = Transform3D(1, 0, 0, 0, 1, 1.12238e-23, 0, 1.12238e-23, 1, -5.65551, 0.407428, 11.3009)
script = ExtResource("11_km61u")

[node name="Area3D" type="Area3D" parent="Node3D/Cookie"]

[node name="CollisionShape3D" type="CollisionShape3D" parent="Node3D/Cookie/Area3D"]
shape = SubResource("SphereShape3D_7knqw")

[node name="cookie" parent="Node3D/Cookie" instance=ExtResource("12_uj4jv")]
transform = Transform3D(0.633726, 6.86518e-18, 0.773558, 4.9096e-17, 1, -4.9096e-17, -0.773558, 6.90921e-17, 0.633726, 0, 0, 0)

[node name="AnimationPlayer" type="AnimationPlayer" parent="Node3D/Cookie"]
root_node = NodePath("../cookie")
autoplay = "Rotate"
libraries = {
"": SubResource("AnimationLibrary_60d2n")
}

[node name="Cookie2" type="Node3D" parent="Node3D"]
transform = Transform3D(1, 0, 0, 0, 1, 1.12238e-23, 0, 1.12238e-23, 1, -0.973988, 0.433117, -2.22269)
script = ExtResource("11_km61u")

[node name="Area3D" type="Area3D" parent="Node3D/Cookie2"]

[node name="CollisionShape3D" type="CollisionShape3D" parent="Node3D/Cookie2/Area3D"]
shape = SubResource("SphereShape3D_7knqw")

[node name="cookie" parent="Node3D/Cookie2" instance=ExtResource("12_uj4jv")]
transform = Transform3D(0.633726, 6.86518e-18, 0.773558, 4.9096e-17, 1, -4.9096e-17, -0.773558, 6.90921e-17, 0.633726, 0, 0, 0)

[node name="AnimationPlayer" type="AnimationPlayer" parent="Node3D/Cookie2"]
root_node = NodePath("../cookie")
autoplay = "Rotate"
libraries = {
"": SubResource("AnimationLibrary_60d2n")
}

[node name="Cookie3" type="Node3D" parent="Node3D"]
transform = Transform3D(1, 0, 0, 0, 1, 1.12238e-23, 0, 1.12238e-23, 1, 8.76982, 5.18643, -102.107)
script = ExtResource("11_km61u")

[node name="Area3D" type="Area3D" parent="Node3D/Cookie3"]

[node name="CollisionShape3D" type="CollisionShape3D" parent="Node3D/Cookie3/Area3D"]
shape = SubResource("SphereShape3D_7knqw")

[node name="cookie" parent="Node3D/Cookie3" instance=ExtResource("12_uj4jv")]
transform = Transform3D(0.633726, 6.86518e-18, 0.773558, 4.9096e-17, 1, -4.9096e-17, -0.773558, 6.90921e-17, 0.633726, 0, 0, 0)

[node name="AnimationPlayer" type="AnimationPlayer" parent="Node3D/Cookie3"]
root_node = NodePath("../cookie")
autoplay = "Rotate"
libraries = {
"": SubResource("AnimationLibrary_60d2n")
}

[node name="Cookie4" type="Node3D" parent="Node3D"]
transform = Transform3D(1, 0, 0, 0, 1, 1.12238e-23, 0, 1.12238e-23, 1, 69.4656, 1.34169, -57.8235)
script = ExtResource("11_km61u")

[node name="Area3D" type="Area3D" parent="Node3D/Cookie4"]

[node name="CollisionShape3D" type="CollisionShape3D" parent="Node3D/Cookie4/Area3D"]
shape = SubResource("SphereShape3D_7knqw")

[node name="cookie" parent="Node3D/Cookie4" instance=ExtResource("12_uj4jv")]
transform = Transform3D(0.633726, 6.86518e-18, 0.773558, 4.9096e-17, 1, -4.9096e-17, -0.773558, 6.90921e-17, 0.633726, 0, 0, 0)

[node name="AnimationPlayer" type="AnimationPlayer" parent="Node3D/Cookie4"]
root_node = NodePath("../cookie")
autoplay = "Rotate"
libraries = {
"": SubResource("AnimationLibrary_60d2n")
}

[node name="base" parent="." instance=ExtResource("6_152e8")]
transform = Transform3D(1, 0, 0, 0, 1, 0, 0, 0, 1, 2.08165e-12, 2.08165e-12, 2.08165e-12)

[node name="WorldEnvironment0" parent="." instance=ExtResource("9_1qptw")]

[connection signal="_player_picked_up_cookie" from="Node3D/Cookie" to="." method="_on_cookie__player_picked_up_cookie"]
[connection signal="body_entered" from="Node3D/Cookie/Area3D" to="Node3D/Cookie" method="_on_area_3d_body_entered" flags=18]
[connection signal="_player_picked_up_cookie" from="Node3D/Cookie2" to="." method="_on_cookie__player_picked_up_cookie"]
[connection signal="body_entered" from="Node3D/Cookie2/Area3D" to="Node3D/Cookie2" method="_on_area_3d_body_entered" flags=18]
[connection signal="_player_picked_up_cookie" from="Node3D/Cookie3" to="." method="_on_cookie__player_picked_up_cookie"]
[connection signal="body_entered" from="Node3D/Cookie3/Area3D" to="Node3D/Cookie3" method="_on_area_3d_body_entered" flags=18]
[connection signal="_player_picked_up_cookie" from="Node3D/Cookie4" to="." method="_on_cookie__player_picked_up_cookie"]
[connection signal="body_entered" from="Node3D/Cookie4/Area3D" to="Node3D/Cookie4" method="_on_area_3d_body_entered" flags=18]
